1 10 1
1 11 1
1 12 1
1 13 1
1 14 1
1 15 1
1 16 1
1 2 1
1 3 1
1 4 1
1 5 1
1 6 1
1 7 1
1 8 1
1 9 1
10 15 1
10 18 1
10 19 1
10 4 1
10 5 1
10 6 1
10 7 1
10 8 1
11 10 1
11 13 1
11 14 1
11 15 1
11 18 1
11 19 1
11 2 1
11 21 1
11 24 1
11 25 1
11 26 1
11 3 1
11 4 1
11 5 1
11 8 1
12 10 1
12 15 1
12 21 1
12 25 1
12 26 1
12 8 1
13 14 1
13 18 1
13 25 1
13 4 1
13 5 1
13 6 1
13 7 1
14 18 1
14 25 1
14 6 1
14 7 1
15 13 1
15 14 1
15 18 1
15 19 1
15 21 1
15 4 1
15 5 1
15 8 1
16 10 1
16 11 1
16 13 1
16 14 1
16 15 1
16 18 1
16 19 1
16 2 1
16 3 1
16 4 1
16 5 1
16 6 1
16 7 1
16 8 1
16 9 1
17 10 1
17 11 1
17 13 1
17 14 1
17 15 1
17 16 1
17 18 1
17 19 1
17 3 1
17 4 1
17 9 1
18 25 1
19 13 1
19 14 1
19 18 1
19 4 1
19 5 1
19 6 1
19 7 1
2 10 1
2 13 1
2 14 1
2 18 1
2 19 1
2 4 1
2 5 1
2 6 1
2 8 1
20 11 1
20 12 1
20 15 1
20 21 1
20 22 1
20 23 1
20 24 1
20 25 1
20 26 1
20 5 1
20 8 1
20 9 1
21 14 1
21 25 1
21 5 1
21 8 1
22 10 1
22 11 1
22 12 1
22 13 1
22 14 1
22 21 1
22 23 1
22 24 1
22 25 1
22 26 1
22 8 1
22 9 1
23 11 1
23 12 1
23 13 1
23 14 1
23 15 1
23 21 1
23 24 1
23 25 1
23 26 1
23 5 1
23 8 1
24 10 1
24 12 1
24 14 1
24 18 1
24 21 1
24 25 1
24 26 1
24 8 1
26 13 1
26 14 1
26 15 1
26 21 1
26 25 1
27 28 1
27 29 1
27 30 1
27 31 1
28 30 1
29 28 1
29 30 1
29 6 1
3 10 1
3 13 1
3 14 1
3 15 1
3 18 1
3 19 1
3 4 1
3 6 1
3 7 1
3 8 1
31 28 1
31 29 1
31 30 1
4 18 1
4 5 1
4 6 1
4 7 1
5 18 1
5 6 1
6 18 1
7 6 1
8 18 1
8 19 1
8 25 1
8 4 1
8 6 1
8 7 1
9 10 1
9 11 1
9 12 1
9 13 1
9 14 1
9 15 1
9 18 1
9 19 1
9 2 1
9 21 1
9 23 1
9 24 1
9 25 1
9 26 1
9 3 1
9 4 1
9 5 1
9 7 1
1 15 2
1 32 2
1 33 2
1 34 2
1 4 2
10 13 2
10 14 2
10 15 2
10 17 2
10 2 2
10 24 2
10 25 2
10 26 2
10 31 2
10 32 2
10 33 2
10 34 2
10 36 2
10 37 2
10 4 2
10 41 2
10 42 2
10 43 2
10 44 2
10 45 2
10 46 2
10 47 2
11 12 2
11 13 2
11 14 2
11 2 2
11 24 2
11 25 2
11 26 2
11 33 2
11 37 2
11 38 2
11 4 2
11 5 2
12 15 2
12 23 2
12 25 2
12 26 2
12 32 2
12 34 2
12 36 2
12 37 2
12 39 2
12 40 2
12 41 2
12 46 2
12 48 2
12 5 2
13 14 2
13 25 2
13 37 2
13 4 2
13 45 2
13 47 2
13 5 2
13 50 2
14 25 2
14 4 2
15 13 2
15 14 2
15 17 2
15 25 2
15 34 2
15 36 2
15 37 2
15 4 2
15 44 2
15 47 2
17 13 2
17 14 2
17 36 2
17 37 2
17 4 2
17 47 2
17 50 2
2 13 2
2 14 2
2 15 2
2 17 2
2 25 2
2 31 2
2 33 2
2 34 2
2 36 2
2 37 2
2 4 2
2 40 2
2 41 2
2 43 2
2 44 2
2 46 2
2 47 2
2 48 2
2 50 2
22 11 2
22 12 2
22 23 2
22 24 2
22 25 2
22 26 2
22 37 2
22 38 2
22 39 2
22 40 2
22 41 2
22 9 2
23 15 2
23 25 2
23 32 2
23 37 2
24 12 2
24 13 2
24 15 2
24 17 2
24 23 2
24 25 2
24 26 2
24 32 2
24 37 2
24 38 2
24 39 2
24 40 2
24 41 2
24 48 2
24 5 2
26 13 2
26 15 2
26 23 2
26 25 2
26 31 2
26 32 2
26 36 2
26 37 2
26 39 2
26 4 2
26 41 2
26 43 2
26 45 2
26 47 2
26 49 2
26 5 2
26 50 2
26 51 2
27 13 2
27 2 2
27 31 2
27 32 2
27 36 2
27 37 2
27 4 2
27 41 2
27 43 2
27 45 2
27 47 2
27 49 2
27 50 2
27 51 2
27 52 2
31 13 2
31 15 2
31 36 2
31 37 2
31 4 2
31 41 2
31 43 2
31 44 2
31 45 2
31 47 2
31 50 2
31 51 2
31 52 2
32 13 2
32 14 2
32 15 2
32 25 2
32 37 2
32 4 2
32 47 2
32 5 2
33 13 2
33 14 2
33 15 2
33 25 2
33 32 2
33 34 2
33 36 2
33 37 2
33 4 2
33 41 2
33 44 2
33 46 2
34 36 2
34 4 2
34 46 2
35 27 2
35 36 2
35 37 2
36 50 2
37 14 2
37 25 2
37 36 2
37 4 2
37 45 2
37 46 2
37 47 2
38 13 2
38 25 2
39 23 2
39 25 2
4 25 2
4 36 2
4 46 2
4 47 2
4 5 2
40 13 2
40 17 2
40 25 2
41 13 2
41 14 2
41 15 2
41 17 2
41 23 2
41 25 2
41 32 2
41 34 2
41 36 2
41 37 2
41 39 2
41 4 2
41 40 2
41 42 2
41 43 2
41 46 2
41 47 2
41 50 2
42 17 2
42 37 2
43 36 2
43 37 2
43 4 2
43 45 2
43 47 2
43 50 2
43 51 2
44 13 2
44 14 2
44 17 2
44 37 2
44 4 2
45 36 2
45 47 2
45 50 2
45 51 2
46 36 2
47 25 2
47 36 2
47 50 2
47 51 2
48 15 2
48 25 2
48 33 2
48 34 2
48 36 2
48 4 2
48 41 2
48 46 2
49 13 2
49 17 2
49 31 2
49 32 2
49 4 2
49 43 2
49 45 2
49 47 2
49 5 2
49 50 2
49 52 2
5 25 2
51 36 2
51 50 2
52 36 2
52 37 2
52 43 2
52 45 2
52 47 2
52 50 2
52 51 2
9 10 2
9 11 2
9 12 2
9 17 2
9 2 2
9 23 2
9 24 2
9 25 2
9 26 2
9 37 2
9 39 2
9 40 2
9 41 2
