1 10 0
1 11 0
1 12 0
1 13 0
1 14 0
1 15 0
1 16 0
1 2 0
1 3 0
1 4 0
1 5 0
1 6 0
1 7 0
1 8 0
1 9 0
10 15 0
10 18 0
10 19 0
10 4 0
10 5 0
10 6 0
10 7 0
10 8 0
11 10 0
11 13 0
11 14 0
11 15 0
11 18 0
11 19 0
11 2 0
11 21 0
11 24 0
11 25 0
11 26 0
11 3 0
11 4 0
11 5 0
11 8 0
12 10 0
12 15 0
12 21 0
12 25 0
12 26 0
12 8 0
13 14 0
13 18 0
13 25 0
13 4 0
13 5 0
13 6 0
13 7 0
14 18 0
14 25 0
14 6 0
14 7 0
15 13 0
15 14 0
15 18 0
15 19 0
15 21 0
15 4 0
15 5 0
15 8 0
16 10 0
16 11 0
16 13 0
16 14 0
16 15 0
16 18 0
16 19 0
16 2 0
16 3 0
16 4 0
16 5 0
16 6 0
16 7 0
16 8 0
16 9 0
17 10 0
17 11 0
17 13 0
17 14 0
17 15 0
17 16 0
17 18 0
17 19 0
17 3 0
17 4 0
17 9 0
18 25 0
19 13 0
19 14 0
19 18 0
19 4 0
19 5 0
19 6 0
19 7 0
2 10 0
2 13 0
2 14 0
2 18 0
2 19 0
2 4 0
2 5 0
2 6 0
2 8 0
20 11 0
20 12 0
20 15 0
20 21 0
20 22 0
20 23 0
20 24 0
20 25 0
20 26 0
20 5 0
20 8 0
20 9 0
21 14 0
21 25 0
21 5 0
21 8 0
22 10 0
22 11 0
22 12 0
22 13 0
22 14 0
22 21 0
22 23 0
22 24 0
22 25 0
22 26 0
22 8 0
22 9 0
23 11 0
23 12 0
23 13 0
23 14 0
23 15 0
23 21 0
23 24 0
23 25 0
23 26 0
23 5 0
23 8 0
24 10 0
24 12 0
24 14 0
24 18 0
24 21 0
24 25 0
24 26 0
24 8 0
26 13 0
26 14 0
26 15 0
26 21 0
26 25 0
27 28 0
27 29 0
27 30 0
27 31 0
28 30 0
29 28 0
29 30 0
29 6 0
3 10 0
3 13 0
3 14 0
3 15 0
3 18 0
3 19 0
3 4 0
3 6 0
3 7 0
3 8 0
31 28 0
31 29 0
31 30 0
4 18 0
4 5 0
4 6 0
4 7 0
5 18 0
5 6 0
6 18 0
7 6 0
8 18 0
8 19 0
8 25 0
8 4 0
8 6 0
8 7 0
9 10 0
9 11 0
9 12 0
9 13 0
9 14 0
9 15 0
9 18 0
9 19 0
9 2 0
9 21 0
9 23 0
9 24 0
9 25 0
9 26 0
9 3 0
9 4 0
9 5 0
9 7 0
1 15 1
1 32 1
1 33 1
1 34 1
1 4 1
10 13 1
10 14 1
10 15 1
10 17 1
10 2 1
10 24 1
10 25 1
10 26 1
10 31 1
10 32 1
10 33 1
10 34 1
10 36 1
10 37 1
10 4 1
10 41 1
10 42 1
10 43 1
10 44 1
10 45 1
10 46 1
10 47 1
11 12 1
11 13 1
11 14 1
11 2 1
11 24 1
11 25 1
11 26 1
11 33 1
11 37 1
11 38 1
11 4 1
11 5 1
12 15 1
12 23 1
12 25 1
12 26 1
12 32 1
12 34 1
12 36 1
12 37 1
12 39 1
12 40 1
12 41 1
12 46 1
12 48 1
12 5 1
13 14 1
13 25 1
13 37 1
13 4 1
13 45 1
13 47 1
13 5 1
13 50 1
14 25 1
14 4 1
15 13 1
15 14 1
15 17 1
15 25 1
15 34 1
15 36 1
15 37 1
15 4 1
15 44 1
15 47 1
17 13 1
17 14 1
17 36 1
17 37 1
17 4 1
17 47 1
17 50 1
2 13 1
2 14 1
2 15 1
2 17 1
2 25 1
2 31 1
2 33 1
2 34 1
2 36 1
2 37 1
2 4 1
2 40 1
2 41 1
2 43 1
2 44 1
2 46 1
2 47 1
2 48 1
2 50 1
22 11 1
22 12 1
22 23 1
22 24 1
22 25 1
22 26 1
22 37 1
22 38 1
22 39 1
22 40 1
22 41 1
22 9 1
23 15 1
23 25 1
23 32 1
23 37 1
24 12 1
24 13 1
24 15 1
24 17 1
24 23 1
24 25 1
24 26 1
24 32 1
24 37 1
24 38 1
24 39 1
24 40 1
24 41 1
24 48 1
24 5 1
26 13 1
26 15 1
26 23 1
26 25 1
26 31 1
26 32 1
26 36 1
26 37 1
26 39 1
26 4 1
26 41 1
26 43 1
26 45 1
26 47 1
26 49 1
26 5 1
26 50 1
26 51 1
27 13 1
27 2 1
27 31 1
27 32 1
27 36 1
27 37 1
27 4 1
27 41 1
27 43 1
27 45 1
27 47 1
27 49 1
27 50 1
27 51 1
27 52 1
31 13 1
31 15 1
31 36 1
31 37 1
31 4 1
31 41 1
31 43 1
31 44 1
31 45 1
31 47 1
31 50 1
31 51 1
31 52 1
32 13 1
32 14 1
32 15 1
32 25 1
32 37 1
32 4 1
32 47 1
32 5 1
33 13 1
33 14 1
33 15 1
33 25 1
33 32 1
33 34 1
33 36 1
33 37 1
33 4 1
33 41 1
33 44 1
33 46 1
34 36 1
34 4 1
34 46 1
35 27 1
35 36 1
35 37 1
36 50 1
37 14 1
37 25 1
37 36 1
37 4 1
37 45 1
37 46 1
37 47 1
38 13 1
38 25 1
39 23 1
39 25 1
4 25 1
4 36 1
4 46 1
4 47 1
4 5 1
40 13 1
40 17 1
40 25 1
41 13 1
41 14 1
41 15 1
41 17 1
41 23 1
41 25 1
41 32 1
41 34 1
41 36 1
41 37 1
41 39 1
41 4 1
41 40 1
41 42 1
41 43 1
41 46 1
41 47 1
41 50 1
42 17 1
42 37 1
43 36 1
43 37 1
43 4 1
43 45 1
43 47 1
43 50 1
43 51 1
44 13 1
44 14 1
44 17 1
44 37 1
44 4 1
45 36 1
45 47 1
45 50 1
45 51 1
46 36 1
47 25 1
47 36 1
47 50 1
47 51 1
48 15 1
48 25 1
48 33 1
48 34 1
48 36 1
48 4 1
48 41 1
48 46 1
49 13 1
49 17 1
49 31 1
49 32 1
49 4 1
49 43 1
49 45 1
49 47 1
49 5 1
49 50 1
49 52 1
5 25 1
51 36 1
51 50 1
52 36 1
52 37 1
52 43 1
52 45 1
52 47 1
52 50 1
52 51 1
9 10 1
9 11 1
9 12 1
9 17 1
9 2 1
9 23 1
9 24 1
9 25 1
9 26 1
9 37 1
9 39 1
9 40 1
9 41 1
